# this is the 3rd attempt
x <- 4+65
y <- 55+232
